TP:4
TN:112
FP:2
FN:74
accuracy:0.6041666666666666
sensitivity:0.05128205128205128
specificity:0.9824561403508771
