TP:33
TN:107
FP:7
FN:45
accuracy:0.7291666666666666
sensitivity:0.4230769230769231
specificity:0.9385964912280702
