TP:4
TN:123
FP:4
FN:61
accuracy:0.6614583333333334
sensitivity:0.06153846153846154
specificity:0.968503937007874
