TP:21
TN:111
FP:3
FN:57
accuracy:0.6875
sensitivity:0.2692307692307692
specificity:0.9736842105263158
