TP:21
TN:105
FP:9
FN:57
accuracy:0.65625
sensitivity:0.2692307692307692
specificity:0.9210526315789473
