TP:44
TN:102
FP:25
FN:21
accuracy:0.7604166666666666
sensitivity:0.676923076923077
specificity:0.8031496062992126
