TP:49
TN:98
FP:29
FN:16
accuracy:0.765625
sensitivity:0.7538461538461538
specificity:0.7716535433070866
