TP:20
TN:117
FP:10
FN:45
accuracy:0.7135416666666666
sensitivity:0.3076923076923077
specificity:0.9212598425196851
