TP:35
TN:109
FP:5
FN:43
accuracy:0.75
sensitivity:0.44871794871794873
specificity:0.956140350877193
