TP:34
TN:106
FP:8
FN:44
accuracy:0.7291666666666666
sensitivity:0.4358974358974359
specificity:0.9298245614035088
