TP:48
TN:103
FP:24
FN:17
accuracy:0.7864583333333334
sensitivity:0.7384615384615385
specificity:0.8110236220472441
