TP:38
TN:104
FP:10
FN:40
accuracy:0.7395833333333334
sensitivity:0.48717948717948717
specificity:0.9122807017543859
