TP:51
TN:45
FP:82
FN:14
accuracy:0.5
sensitivity:0.7846153846153846
specificity:0.3543307086614173
