TP:38
TN:106
FP:8
FN:40
accuracy:0.75
sensitivity:0.48717948717948717
specificity:0.9298245614035088
