TP:47
TN:102
FP:25
FN:18
accuracy:0.7760416666666666
sensitivity:0.7230769230769231
specificity:0.8031496062992126
