TP:39
TN:101
FP:13
FN:39
accuracy:0.7291666666666666
sensitivity:0.5
specificity:0.8859649122807017
