TP:5
TN:110
FP:4
FN:73
accuracy:0.5989583333333334
sensitivity:0.0641025641025641
specificity:0.9649122807017544
