TP:45
TN:99
FP:15
FN:33
accuracy:0.75
sensitivity:0.5769230769230769
specificity:0.868421052631579
