TP:7
TN:114
FP:0
FN:71
accuracy:0.6302083333333334
sensitivity:0.08974358974358974
specificity:1.0
