TP:22
TN:115
FP:12
FN:43
accuracy:0.7135416666666666
sensitivity:0.3384615384615385
specificity:0.905511811023622
