TP:40
TN:109
FP:18
FN:25
accuracy:0.7760416666666666
sensitivity:0.6153846153846154
specificity:0.8582677165354331
