TP:18
TN:113
FP:14
FN:47
accuracy:0.6822916666666666
sensitivity:0.27692307692307694
specificity:0.889763779527559
