TP:14
TN:111
FP:3
FN:64
accuracy:0.6510416666666666
sensitivity:0.1794871794871795
specificity:0.9736842105263158
