TP:35
TN:116
FP:11
FN:30
accuracy:0.7864583333333334
sensitivity:0.5384615384615384
specificity:0.9133858267716536
