TP:39
TN:100
FP:14
FN:39
accuracy:0.7239583333333334
sensitivity:0.5
specificity:0.8771929824561403
