TP:46
TN:91
FP:36
FN:19
accuracy:0.7135416666666666
sensitivity:0.7076923076923077
specificity:0.7165354330708661
