TP:59
TN:82
FP:32
FN:19
accuracy:0.734375
sensitivity:0.7564102564102564
specificity:0.7192982456140351
