TP:2
TN:114
FP:0
FN:76
accuracy:0.6041666666666666
sensitivity:0.02564102564102564
specificity:1.0
