TP:37
TN:109
FP:18
FN:28
accuracy:0.7604166666666666
sensitivity:0.5692307692307692
specificity:0.8582677165354331
