TP:2
TN:113
FP:1
FN:76
accuracy:0.5989583333333334
sensitivity:0.02564102564102564
specificity:0.9912280701754386
