TP:38
TN:103
FP:11
FN:40
accuracy:0.734375
sensitivity:0.48717948717948717
specificity:0.9035087719298246
