TP:41
TN:104
FP:23
FN:24
accuracy:0.7552083333333334
sensitivity:0.6307692307692307
specificity:0.8188976377952756
