TP:40
TN:100
FP:14
FN:38
accuracy:0.7291666666666666
sensitivity:0.5128205128205128
specificity:0.8771929824561403
