TP:37
TN:108
FP:6
FN:41
accuracy:0.7552083333333334
sensitivity:0.47435897435897434
specificity:0.9473684210526315
