TP:37
TN:103
FP:11
FN:41
accuracy:0.7291666666666666
sensitivity:0.47435897435897434
specificity:0.9035087719298246
