TP:20
TN:113
FP:1
FN:58
accuracy:0.6927083333333334
sensitivity:0.2564102564102564
specificity:0.9912280701754386
