TP:40
TN:105
FP:22
FN:25
accuracy:0.7552083333333334
sensitivity:0.6153846153846154
specificity:0.8267716535433071
