TP:42
TN:102
FP:12
FN:36
accuracy:0.75
sensitivity:0.5384615384615384
specificity:0.8947368421052632
