TP:0
TN:113
FP:1
FN:78
accuracy:0.5885416666666666
sensitivity:0.0
specificity:0.9912280701754386
