TP:41
TN:103
FP:11
FN:37
accuracy:0.75
sensitivity:0.5256410256410257
specificity:0.9035087719298246
