TP:17
TN:116
FP:11
FN:48
accuracy:0.6927083333333334
sensitivity:0.26153846153846155
specificity:0.9133858267716536
