TP:0
TN:126
FP:1
FN:65
accuracy:0.65625
sensitivity:0.0
specificity:0.9921259842519685
