TP:1
TN:113
FP:1
FN:77
accuracy:0.59375
sensitivity:0.01282051282051282
specificity:0.9912280701754386
