TP:7
TN:123
FP:4
FN:58
accuracy:0.6770833333333334
sensitivity:0.1076923076923077
specificity:0.968503937007874
