TP:36
TN:115
FP:12
FN:29
accuracy:0.7864583333333334
sensitivity:0.5538461538461539
specificity:0.905511811023622
