TP:35
TN:110
FP:4
FN:43
accuracy:0.7552083333333334
sensitivity:0.44871794871794873
specificity:0.9649122807017544
